21 1724314451 5 31 17 2 511 1023 10 14 5 
21 1724313722 5 31 17 2 511 1023 10 14 5 
21 1724313814 5 31 17 2 511 1023 10 14 5 
21 1724314591 5 31 17 2 511 1023 10 14 5 
21 1724314305 5 31 17 2 511 1023 10 14 5 
21 1724314204 5 31 17 2 511 1023 10 14 5 
21 1724314449 5 31 17 2 511 1023 10 14 5 
21 1724313963 5 31 17 2 511 1023 10 14 5 
21 1724313963 5 31 17 2 511 1023 10 14 5 
21 1724313745 5 31 17 2 511 1023 10 14 5 
21 1724314707 5 31 17 2 511 1023 10 14 5 
21 1724314755 5 31 17 2 511 1023 10 14 5 
21 1724314204 5 31 17 2 511 1023 10 14 5 
21 1724314186 5 31 17 2 511 1023 10 14 5 
21 1724313862 5 31 17 2 511 1023 10 14 5 
21 1724314733 5 31 17 2 511 1023 10 14 5 
21 1724314926 5 31 17 2 511 1023 10 14 5 
21 1724315112 5 31 17 2 511 1023 10 14 5 
21 1724314269 5 31 17 2 511 1023 10 14 5 
21 1724315169 5 31 17 2 511 1023 10 14 5 
